0
5.32048e+11
2.40521e+06
1.4555e+09
32412.3
272.991
1.91136e+17
2.22992e+17
59.1124
2.38402e+11
7.20049e+11
7.92054e+11
32.6194
6.91663e+12
38.0559
898112
2.53762e+16
6.09435e+10
9.57687e+12
8.19134e+16
5.80977e+14
1146.56
7.88681e+10
4.9368e+15
3.90612e+06
8.96228e+10
3.42892e+10
1.16403e+17
8.91966e+17
9.48015e+07
32899
12506.3
1.91597e+06
2.16678e+09
1.33665e+14
2.7637e+15
1.91537e+13
6.60385e+09
6.02685e+16
4.69016e+07
3.89792e+11
2.45484e+06
310.34
1.90238e+07
9.44432e+15
1.19201e+12
6.06655e+10
1.3653e+15
2.12358e+07
7.08666e+13
2.66024e+13
2784.51
1.86415e+11
6.21115e+17
6.32834e+17
9.81653e+09
1124.79
7.51725e+10
469979
3.87394e+09
2.58674e+17
9.67468e+16
6.62561e+14
465.511
190781
1.27224e+13
66
2.40189e+11
1.80126e+12
205686
28240
10537.3
1.58591e+06
591525
1.62996e+06
8.01486e+14
30660.6
1.01549e+11
1.67422e+16
1.14254e+14
3.14507e+14
7.89329e+11
4477.05
4.84273e+16
3.62143e+17
85
34694.9
7.73092e+08
5.26892e+06
1.28717e+14
2.38402e+12
7.88e+18
1.80071e+13
1867.95
2.27057e+09
6.2377e+09
3.05817e+18
716.738
794102
1.30563e+11
2.14644e+16
1.60187e+17
8.83253e+18
6.76298e+09
2.75487e+12
2.31278e+06
2.56042e+09
2.09431e+13
2.31815e+16
2.13345e+13
1.4507e+11
7.99254e+12
6114.99
8.92281e+15
1.21826e+15
4.52103e+14
2.80197e+09
5.17624e+07
2.85028e+09
9.39659e+15
2.34876e+13
2.6652e+06
331.63
5.30281e+17
1.96666e+17
137079
4.11896e+08
1.52731e+08
3.71825e+15
2.09954e+07
1.38924e+15
1.39993e+15
1.74084e+11
7261.55
54059.5
1.44267e+15
7.23586e+13
3.97969e+15
151335
3.35754e+09
3.38169e+09
154625
3.04794e+16
1.39351e+12
1.03687e+13
5.70043e+14
1.18305e+06
4.68282e+18
1.95185e+11
2.15492e+14
5.37737e+11
2.95552e+13
2.97509e+13
1.63503e+15
6.81317e+07
462048
7.56858e+10
4.56067e+15
1167.47
5.19774e+08
3.52423e+06
1.39415e+19
4.29124e+12
3.93726e+09
2.37186e+14
3314.11
2.63278e+17
453.953
1241.36
1.80601e+15
1.01786e+07
7.37221e+17
2.06848e+08
8.39336e+10
7.50154e+17
2.30793e+11
2.54541e+14
1.5327e+19
2.57434e+14
9773.07
489.291
2.17671e+08
8.05192e+07
1.58466e+19
1.20814e+10
1.21471e+10
9.02407e+10
2.7045e+14
206167
1.00557e+14
566382
8.4501e+07
572344
3876.51
212747
2.57169e+11
2.09455e+15
4.75853e+09
8.75979e+07
1.16109e+17
